0,50.0
1,50.0
2,50.0
3,50.0
4,50.0
5,50.0
6,50.0
7,50.0
8,50.0
9,50.0
10,50.0
11,50.0
12,50.0
13,50.0
14,50.0
15,50.0
16,50.0
17,50.0
18,50.0
19,50.0
20,50.0
21,50.0
22,50.0
23,50.0
24,50.0
25,50.0
26,50.0
27,50.0
28,50.0
29,50.0
30,50.0
31,50.0
32,50.0
33,50.0
34,50.0
35,50.0
36,50.0
37,50.0
38,50.0
39,50.0
40,50.0
41,50.0
42,50.0
43,50.0
44,50.0
45,50.0
46,50.0
47,50.0
48,50.0
49,50.0
50,50.0
51,50.0
52,50.0
53,50.0
54,50.0
55,50.0
56,50.0
57,50.0
58,50.0
59,50.0
60,50.0
61,50.0
62,50.0
63,50.0
64,50.0
65,50.0
66,50.0
67,50.0
68,50.0
69,50.0
70,50.0
71,50.0
72,50.0
73,50.0
74,50.0
75,50.0
76,50.0
77,50.0
78,50.0
79,50.0
80,50.0
81,50.0
0,33.3333
1,33.3333
3,50.0
4,50.0
5,50.0
6,50.0
7,50.0
8,50.0
9,50.0
10,50.0
11,50.0
12,50.0
13,50.0
14,50.0
15,50.0
16,50.0
17,50.0
18,50.0
19,50.0
20,50.0
21,50.0
22,50.0
23,50.0
24,50.0
25,50.0
26,50.0
27,50.0
28,50.0
29,50.0
32,40.0
33,40.0
34,40.0
35,40.0
36,40.0
37,40.0
38,40.0
39,40.0
40,40.0
41,40.0
42,40.0
43,40.0
44,40.0
45,40.0
46,40.0
47,40.0
48,40.0
49,40.0
50,40.0
51,40.0
52,40.0
53,40.0
54,40.0
55,40.0
56,40.0
57,40.0
58,40.0
59,40.0
60,40.0
61,40.0
62,40.0
63,40.0
64,40.0
65,40.0
66,40.0
67,40.0
68,40.0
69,40.0
70,40.0
71,40.0
72,40.0
73,40.0
74,40.0
75,40.0
76,40.0
77,40.0
78,40.0
79,40.0
80,40.0
81,40.0
82,40.0
83,40.0
84,40.0
85,40.0
86,40.0
87,40.0
88,40.0
89,40.0
90,40.0
91,40.0
92,40.0
93,40.0
94,40.0
95,40.0
96,40.0
97,40.0
98,40.0
99,40.0
100,40.0
101,40.0
102,40.0
103,40.0
104,40.0
105,40.0
106,40.0
107,40.0
108,40.0
109,40.0
110,40.0
111,40.0
112,40.0
113,40.0
114,40.0
115,40.0
116,40.0
117,40.0
118,40.0
119,40.0
120,40.0
121,40.0
122,40.0
123,40.0
124,40.0
125,40.0
126,40.0
127,40.0
128,40.0
129,40.0
130,40.0
131,40.0
132,40.0
133,40.0
134,40.0
135,40.0
136,40.0
137,40.0
138,40.0
139,40.0
140,40.0
141,40.0
142,40.0
143,40.0
144,40.0
145,40.0
146,40.0
147,40.0
148,40.0
149,40.0
0,60.0
1,60.0
2,60.0
3,60.0
4,60.0
5,60.0
6,60.0
7,60.0
8,60.0
9,60.0
10,60.0
11,60.0
12,60.0
13,60.0
14,60.0
15,60.0
16,60.0
17,60.0
18,60.0
19,55.0
20,50.0
21,50.0
22,55.0
23,30.0
24,30.0
25,30.0
26,30.0
27,35.0
28,35.0
29,35.0
30,35.0
31,35.0
32,35.0
33,40.0
34,40.0
35,35.0
36,35.0
37,60.0
38,60.0
39,60.0
40,60.0
41,60.0
42,65.0
43,65.0
44,65.0
45,60.0
46,60.0
47,60.0
48,60.0
49,60.0
50,60.0
51,60.0
52,60.0
53,60.0
54,60.0
55,65.0
56,70.0
57,70.0
58,70.0
59,70.0
60,65.0
61,65.0
62,65.0
63,65.0
64,65.0
65,65.0
66,65.0
67,65.0
68,65.0
69,65.0
70,65.0
71,65.0
72,65.0
73,65.0
74,65.0
75,65.0
76,65.0
77,65.0
78,65.0
79,65.0
80,65.0
81,55.0
82,55.0
83,55.0
84,55.0
85,60.0
86,65.0
87,65.0
88,65.0
89,65.0
90,60.0
91,60.0
92,60.0
93,60.0
94,60.0
95,70.0
96,70.0
97,70.0
98,70.0
99,70.0
100,70.0
101,70.0
102,70.0
103,70.0
104,70.0
105,70.0
106,70.0
107,70.0
108,70.0
109,70.0
110,70.0
111,70.0
112,70.0
113,70.0
114,70.0
115,70.0
116,70.0
117,70.0
118,70.0
119,70.0
120,70.0
121,70.0
122,70.0
123,70.0
124,70.0
125,70.0
126,70.0
127,70.0
128,70.0
129,70.0
130,70.0
131,70.0
132,70.0
133,70.0
134,70.0
135,70.0
136,70.0
137,70.0
138,70.0
139,70.0
140,70.0
141,70.0
142,70.0
143,70.0
144,70.0
145,70.0
146,70.0
147,70.0
148,70.0
149,70.0
0,40.0
1,40.0
2,40.0
3,40.0
4,40.0
5,40.0
6,40.0
7,40.0
8,40.0
9,40.0
10,40.0
11,40.0
12,40.0
13,40.0
14,40.0
15,40.0
16,40.0
17,40.0
18,40.0
19,40.0
20,25.0
21,55.0
22,25.0
23,60.0
24,35.0
25,25.0
26,30.0
27,25.0
28,20.0
29,25.0
30,30.0
31,30.0
32,30.0
33,30.0
34,30.0
35,30.0
36,25.0
37,20.0
38,30.0
39,30.0
40,35.0
41,55.0
42,60.0
43,60.0
44,65.0
45,70.0
46,65.0
47,65.0
48,65.0
49,65.0
50,65.0
51,65.0
52,65.0
53,65.0
54,70.0
55,70.0
56,70.0
57,70.0
58,70.0
59,75.0
60,70.0
61,70.0
62,65.0
63,70.0
64,70.0
65,70.0
66,70.0
67,70.0
68,70.0
69,70.0
70,70.0
71,70.0
72,70.0
73,70.0
74,70.0
75,70.0
76,70.0
77,70.0
78,65.0
79,65.0
80,65.0
81,65.0
82,65.0
83,70.0
84,65.0
85,65.0
86,65.0
87,70.0
88,70.0
89,60.0
90,60.0
91,60.0
92,60.0
93,60.0
94,60.0
95,60.0
96,60.0
97,60.0
98,60.0
99,60.0
100,60.0
101,60.0
102,60.0
103,60.0
104,60.0
105,60.0
106,60.0
107,60.0
108,60.0
109,60.0
110,60.0
111,60.0
112,60.0
113,60.0
114,60.0
115,60.0
116,60.0
117,60.0
118,60.0
119,60.0
120,60.0
121,60.0
122,60.0
123,60.0
124,60.0
125,60.0
126,60.0
127,60.0
128,60.0
129,60.0
130,60.0
131,60.0
132,60.0
133,60.0
134,60.0
135,60.0
136,60.0
137,60.0
138,60.0
139,60.0
140,60.0
141,60.0
142,60.0
143,60.0
144,60.0
145,60.0
146,60.0
147,60.0
148,60.0
149,60.0
0,60.0
1,60.0
2,60.0
3,60.0
4,60.0
5,60.0
6,60.0
7,60.0
8,60.0
9,45.0
10,40.0
11,40.0
12,40.0
13,40.0
14,40.0
15,40.0
16,40.0
17,40.0
18,40.0
19,40.0
20,40.0
21,40.0
22,50.0
23,55.0
24,45.0
25,45.0
26,45.0
27,45.0
28,45.0
29,45.0
30,45.0
31,40.0
32,35.0
33,40.0
34,45.0
35,50.0
36,50.0
37,45.0
38,70.0
39,65.0
40,65.0
41,65.0
42,80.0
43,80.0
44,75.0
45,75.0
46,75.0
47,75.0
48,75.0
49,75.0
50,70.0
51,70.0
52,70.0
53,70.0
54,70.0
55,70.0
56,70.0
57,70.0
58,70.0
59,70.0
60,70.0
61,70.0
62,70.0
63,75.0
64,75.0
65,80.0
66,80.0
67,80.0
68,80.0
69,80.0
70,80.0
71,80.0
72,80.0
73,80.0
74,80.0
75,80.0
76,80.0
77,80.0
78,80.0
79,80.0
80,80.0
81,80.0
82,80.0
83,80.0
84,80.0
85,80.0
86,80.0
87,80.0
88,80.0
89,80.0
90,80.0
91,80.0
92,80.0
93,80.0
94,80.0
95,80.0
96,80.0
97,80.0
98,80.0
99,80.0
100,80.0
101,80.0
102,80.0
103,80.0
104,80.0
105,80.0
106,80.0
107,80.0
108,80.0
109,80.0
110,80.0
111,80.0
112,80.0
113,80.0
114,80.0
115,80.0
116,80.0
117,80.0
118,80.0
119,80.0
120,80.0
121,80.0
122,80.0
123,80.0
124,80.0
125,80.0
126,80.0
127,80.0
128,80.0
129,80.0
130,80.0
131,80.0
132,80.0
133,80.0
134,80.0
135,80.0
136,80.0
137,80.0
138,80.0
139,80.0
140,80.0
141,80.0
142,80.0
143,80.0
144,80.0
145,80.0
146,80.0
147,80.0
148,80.0
149,80.0
